1614
1621
1643
1657
1681
1700
1719
1729
1744
1758
1765
1775
1782
1799
1816
1823
1839
1849
1863
1873
1890
1900
1907
1917
1936
1955
1962
1979
2001
2017
2029
2048
2069
2086
2093
2103
2118
2130
2146
2161
2185
2202
2224
2241
2255
2271
2291
2315
2332
2354
2373
2392
2399
2409
2423
2439
2466
2472
2488
2502
2513
2520
2531
2555
2569
2588
2610
2622
2632
2651
2665
2680
2690
2709
2733
2745
2769
2785
2795
2809
2829
2844
2865
2879
2896
2917
2936
2955
4385
4404
4421
4433
4448
4463
4470
4487
4506
4536
4542
4556
4573
4584
4603
4621
4627
4634
4653
4665
4694
4700
4707
4723
